128
13 16 27 25 23 25 16 12 9 1 2 7 20 19 23 16 0 6 22 16 11 8 27 9 2 20 2 13 7 25 29 12 12 18 29 27 13 16 1 22 9 3 21 29 14 7 8 14 5 0 23 16 1 20 26 3 2 20 16 1 15 15 14 27 26 5 16 9 13 17 24 15 12 15 14 27 14 14 3 20 7 18 6 8 8 24 3 11 14 19 12 0 26 18 19 22 16 6 24 29 15 10 14 28 17 21 17 2 27 12 22 26 1 20 26 1 15 29 4 29 10 9 21 7 27 11 21 5 
9 7 27 16 17 3 6 5 16 23 29 14 28 21 2 29 3 29 0 18 28 5 10 9 6 23 8 25 26 21 1 5 29 28 14 8 1 20 13 10 14 4 24 4 17 26 3 21 17 25 9 16 22 11 17 28 5 17 24 1 8 25 29 7 15 13 8 8 3 21 18 9 26 4 13 13 23 8 26 10 4 28 18 18 9 27 17 6 14 3 0 23 20 29 22 5 4 0 5 29 14 16 9 2 12 14 7 27 15 4 8 11 2 18 29 3 16 8 10 22 11 10 15 1 1 0 28 5 
0 26 4 6 12 5 8 16 12 8 14 27 12 14 0 6 2 29 9 10 8 11 3 11 21 10 13 14 10 3 19 11 29 16 9 3 13 18 20 25 26 26 14 0 10 14 6 12 6 7 15 6 19 18 17 2 28 22 9 9 26 20 12 17 6 21 13 12 1 25 29 19 21 14 19 1 20 17 5 18 17 20 24 28 0 4 22 29 26 1 0 14 22 12 2 20 25 15 2 19 10 2 8 23 8 20 24 20 29 21 9 16 12 25 14 4 29 29 3 26 0 25 10 22 29 4 13 25 
11 7 14 13 1 14 6 9 4 22 22 26 14 1 12 18 18 19 22 18 18 18 6 18 13 8 3 13 13 8 0 24 7 6 8 9 20 6 18 17 29 10 13 13 3 17 23 22 6 15 2 16 25 8 27 9 16 0 14 21 0 14 8 7 20 8 16 2 14 27 19 13 29 2 18 3 20 11 17 18 19 11 5 14 19 2 15 27 24 29 19 24 5 19 23 25 27 10 28 11 29 9 17 28 12 5 23 24 9 10 12 20 21 9 26 2 11 12 0 27 3 11 21 9 0 15 26 27 
17 24 0 16 4 17 14 8 15 8 2 16 10 6 6 24 16 2 18 19 6 10 17 10 21 0 11 13 7 7 2 16 24 25 2 20 12 9 20 19 9 14 5 11 20 3 27 28 28 16 10 4 26 27 6 10 19 17 15 19 17 18 5 3 13 8 23 17 9 13 7 18 27 4 21 9 0 19 8 28 5 18 24 23 7 1 3 18 10 19 7 19 29 13 22 4 13 7 21 22 12 20 2 1 17 15 11 17 4 11 7 1 21 1 17 20 24 20 8 5 1 16 16 22 21 9 26 4 
8 10 18 21 0 12 22 9 27 25 26 24 6 3 17 19 27 4 9 21 17 10 26 10 18 5 3 9 14 21 5 14 1 15 5 24 19 28 3 8 15 22 2 22 17 20 3 14 16 13 6 3 23 24 14 3 29 17 12 5 8 9 20 2 24 17 26 5 7 21 13 23 13 8 15 1 20 18 7 6 23 5 10 8 0 24 11 21 3 15 19 3 24 1 5 10 18 23 15 26 15 29 19 20 7 26 13 27 6 21 25 0 26 5 0 18 21 12 2 16 19 21 20 14 22 17 24 10 
3 2 28 10 23 17 0 0 13 14 19 12 27 14 12 15 12 4 4 3 8 6 20 28 19 2 12 3 11 28 13 14 22 12 24 15 21 17 15 27 1 26 9 28 11 13 13 23 17 9 18 26 7 0 24 18 24 28 21 6 18 5 12 11 9 29 26 0 16 4 19 9 0 28 29 3 11 4 18 29 6 7 17 13 7 11 2 2 1 15 0 19 20 4 0 21 3 27 14 11 1 3 20 23 2 11 27 5 16 15 4 22 22 21 27 22 24 21 16 25 7 8 15 19 12 7 3 16 
4 17 19 27 12 2 21 6 13 10 12 21 25 16 5 10 0 3 24 16 16 10 12 15 18 19 5 0 26 0 8 23 17 28 12 21 0 25 28 5 5 10 27 23 18 2 3 10 27 27 27 6 29 1 21 9 20 18 9 8 18 10 23 27 0 6 19 22 1 17 27 29 27 16 22 7 11 25 18 8 14 15 6 5 16 28 14 28 8 23 28 27 25 22 24 25 20 5 17 13 22 7 12 11 23 4 19 4 21 29 5 27 14 11 2 22 1 16 12 10 2 2 29 27 24 23 15 6 
21 24 20 13 1 2 17 17 29 28 21 20 27 26 10 11 0 12 25 1 29 7 11 23 1 2 20 26 18 27 24 9 22 14 14 15 9 1 2 8 29 16 20 26 4 0 29 4 5 24 6 26 23 9 19 25 12 1 13 0 29 29 1 13 14 15 28 15 17 23 23 8 9 5 5 13 28 26 10 3 13 16 21 28 17 10 15 21 11 20 13 10 20 14 15 4 22 14 19 9 29 4 9 8 1 6 13 29 3 23 24 16 1 15 6 11 17 22 2 29 12 8 1 2 14 17 28 6 
23 17 7 22 13 17 22 15 23 27 6 18 21 23 26 14 0 3 25 18 25 20 9 29 28 10 2 4 19 0 11 12 10 10 26 23 19 10 8 13 8 7 23 21 0 20 5 0 23 1 18 10 21 27 9 11 0 3 15 19 4 18 24 6 29 12 29 10 23 0 23 23 7 9 14 29 29 11 29 14 12 10 16 25 29 25 6 21 21 14 3 17 2 27 23 23 9 22 4 24 14 19 9 13 28 23 12 19 5 4 3 9 14 19 5 5 7 3 19 20 17 22 7 12 19 0 5 20 
14 1 7 29 13 16 12 11 2 25 23 29 21 18 8 27 0 5 2 7 9 21 19 26 13 26 8 24 26 6 7 2 7 14 1 20 0 6 24 24 23 17 23 14 27 2 11 27 29 5 26 8 19 15 5 2 11 5 19 29 11 26 2 11 10 25 23 2 1 9 27 16 18 12 0 16 14 3 13 6 9 10 14 28 25 11 22 29 17 3 28 20 29 22 23 1 18 17 4 11 26 23 28 15 5 20 1 12 16 14 18 25 16 2 15 12 6 29 11 23 3 1 5 2 16 29 4 4 
16 0 7 4 23 27 19 20 10 12 2 26 19 20 13 5 15 28 17 21 27 20 6 0 14 11 3 0 2 29 26 10 29 3 15 14 23 26 4 3 1 29 21 20 19 4 25 26 2 5 9 21 17 7 14 1 11 9 1 13 8 27 24 29 23 1 13 8 27 9 3 28 8 24 10 20 28 6 8 22 3 18 5 20 25 19 22 6 28 15 12 28 13 6 27 28 7 2 6 26 12 9 17 20 3 27 2 23 25 11 7 28 29 4 11 16 24 3 15 14 18 27 13 23 25 10 21 24 
5 27 20 17 28 29 29 23 19 24 16 14 5 15 5 26 20 16 12 6 19 19 12 29 16 25 15 3 28 6 27 3 26 10 12 16 9 3 10 28 27 26 5 2 4 10 20 16 18 25 14 29 14 26 28 23 22 13 26 12 12 24 7 0 4 19 16 5 14 26 4 12 15 1 6 11 3 27 27 21 22 11 20 28 29 10 21 13 24 18 25 28 12 2 20 16 13 6 21 20 25 17 24 2 10 0 13 13 19 10 4 3 13 24 2 4 5 23 18 21 11 13 11 15 8 1 23 13 
29 7 25 24 24 19 26 27 12 1 10 1 3 7 27 16 23 29 21 20 14 1 11 18 6 14 3 14 7 27 20 7 4 15 23 20 27 12 9 9 13 20 2 17 19 29 25 12 20 8 3 5 9 6 15 16 13 10 22 20 7 4 27 3 20 21 16 17 25 17 18 8 29 20 17 18 20 13 1 10 13 26 7 23 2 22 1 15 3 23 28 2 28 25 28 10 8 6 19 3 23 7 4 23 27 21 3 9 26 4 12 10 22 19 25 17 4 26 24 29 11 22 23 1 18 21 3 18 
19 22 14 5 21 10 20 11 23 23 20 20 20 2 22 12 14 17 29 18 5 24 17 8 16 10 10 26 24 13 7 5 28 21 10 19 23 0 22 16 24 13 28 6 7 20 18 21 29 18 1 26 4 18 5 20 21 15 9 7 20 16 12 18 29 15 0 22 7 22 8 1 27 7 29 27 19 18 18 19 28 20 15 2 0 12 14 13 27 23 20 10 1 25 28 0 10 20 14 17 5 23 11 24 22 10 21 3 20 10 14 18 22 22 20 22 4 5 28 24 20 18 4 22 5 24 22 7 
15 7 25 12 22 28 6 6 0 20 9 21 22 16 9 14 8 22 28 12 27 18 6 17 7 10 9 4 5 24 12 12 23 29 16 15 27 14 13 19 4 14 10 26 0 12 2 8 4 23 21 1 11 19 10 10 0 12 15 27 6 19 1 29 18 17 6 15 1 11 4 28 25 7 16 26 19 11 4 23 26 17 16 29 7 26 10 29 0 17 26 6 28 27 27 16 6 25 23 7 6 19 27 2 26 14 20 7 25 24 0 21 12 8 20 11 5 22 10 27 1 6 4 29 25 23 15 1 
11 0 0 17 20 28 11 16 4 1 24 29 18 16 12 22 25 2 3 22 17 13 19 10 11 15 10 6 9 17 29 12 18 29 29 8 19 3 16 23 26 10 14 14 19 26 6 14 21 9 28 0 14 9 10 25 25 20 1 26 0 22 8 18 14 29 18 3 24 4 19 21 7 25 27 26 22 4 2 5 5 0 5 12 9 7 7 26 28 1 22 20 23 22 8 7 14 26 3 8 0 14 29 7 9 27 25 1 23 27 28 20 19 25 2 21 3 2 17 23 3 2 13 18 16 21 26 0 
9 21 9 1 5 0 9 14 19 26 8 12 24 6 25 13 24 27 4 27 21 14 20 24 8 3 13 24 16 1 25 25 14 26 26 19 26 27 25 16 24 3 20 10 2 15 23 18 5 20 15 26 26 27 13 4 0 18 20 8 11 15 3 25 11 21 14 0 11 1 8 5 27 28 15 21 6 0 9 11 12 24 29 0 21 4 4 13 22 25 21 3 2 16 20 6 29 26 28 10 28 6 7 25 4 14 16 10 15 25 13 19 11 5 20 24 9 16 7 24 3 20 19 6 6 10 4 5 
28 2 8 26 8 15 13 4 0 21 7 7 8 20 18 19 17 8 13 19 17 12 5 20 2 24 18 0 26 22 6 25 16 6 13 24 21 27 21 13 10 28 12 19 10 1 0 28 1 6 17 18 18 22 1 13 8 19 13 5 4 11 22 12 17 27 29 1 24 20 14 27 18 27 16 28 20 8 26 21 14 5 2 25 19 3 8 28 14 13 25 10 25 9 23 4 6 22 5 23 12 20 20 0 9 28 20 29 6 17 12 21 14 14 8 4 9 8 24 24 21 19 26 8 20 19 13 26 
3 18 19 15 0 1 7 1 29 28 22 6 7 5 19 13 19 19 17 29 27 3 15 10 14 11 19 4 1 24 23 26 4 12 12 27 6 11 28 5 1 21 3 0 26 14 14 7 25 23 28 22 27 13 25 3 17 14 8 10 0 1 6 4 5 18 23 11 22 22 9 15 5 4 16 23 11 22 0 6 15 21 29 4 4 16 8 21 0 8 1 22 9 8 18 6 18 12 10 2 4 19 18 1 15 26 24 26 18 16 3 25 7 24 22 4 10 22 17 2 0 11 16 1 19 4 29 29 
16 9 24 12 20 12 13 6 8 29 2 18 16 27 13 15 13 5 19 15 19 7 9 19 10 25 12 21 0 12 20 16 13 6 29 4 18 4 10 18 4 4 28 12 24 12 27 7 9 9 23 29 8 24 10 18 20 15 9 20 19 21 28 2 28 27 6 8 24 8 19 28 13 17 10 7 21 29 6 23 0 21 14 8 16 16 26 6 1 27 18 12 19 16 15 9 14 13 17 8 22 28 28 27 16 0 4 29 21 2 22 22 24 6 0 2 23 19 8 16 8 26 29 27 12 6 28 18 
19 8 18 11 6 8 0 14 8 4 14 22 29 6 14 15 5 14 17 20 25 17 6 4 13 5 23 17 3 22 28 23 0 8 26 6 9 27 21 9 23 27 1 22 3 15 7 0 22 16 20 17 3 27 21 8 24 7 26 28 29 16 13 29 16 9 27 25 6 10 5 22 7 6 6 3 22 14 3 6 0 24 23 26 13 7 4 29 14 22 19 13 8 2 4 25 4 23 12 2 4 17 24 11 16 1 6 8 7 10 14 29 26 29 25 1 6 0 22 12 22 12 17 23 6 21 10 10 
7 22 13 11 10 7 14 18 0 21 18 7 23 24 7 11 23 24 4 22 24 26 4 9 8 14 2 15 27 12 17 4 4 0 15 6 0 0 24 0 13 12 0 28 6 29 9 22 23 5 14 18 1 10 27 2 24 29 9 22 3 26 26 7 27 4 6 19 26 0 19 9 5 11 7 3 10 8 25 4 13 9 14 6 12 3 8 6 2 17 20 27 6 17 4 3 21 2 14 17 25 25 18 0 7 17 3 17 17 29 13 22 0 27 28 12 0 7 11 24 16 1 21 22 18 18 17 1 
20 1 10 7 19 20 7 26 29 3 13 16 24 19 8 24 16 29 29 17 28 10 11 14 3 25 29 14 13 8 15 25 2 18 3 21 8 2 17 0 5 22 16 21 11 17 8 28 16 7 7 14 9 10 20 12 27 11 26 2 20 4 28 22 22 23 13 22 17 22 14 15 14 1 6 18 10 14 8 18 13 15 2 14 17 14 27 15 26 15 17 16 19 7 0 3 22 13 18 10 5 2 25 11 25 1 21 5 8 29 23 13 6 17 28 16 2 25 1 20 10 10 28 22 18 28 17 10 
11 5 20 8 0 7 11 25 1 3 23 9 24 8 22 23 26 20 9 20 7 10 2 10 20 0 24 0 28 11 11 9 9 23 9 9 1 12 26 24 7 19 3 2 28 17 25 16 0 4 6 29 6 8 9 26 8 25 19 28 7 0 7 8 15 8 17 8 20 5 2 28 25 27 22 15 7 9 1 7 13 29 6 19 29 8 7 7 3 26 5 2 18 4 10 26 4 19 26 16 25 29 6 12 18 28 27 25 7 20 2 12 19 1 23 18 1 23 17 26 11 14 29 22 10 1 18 6 
13 14 22 0 5 29 4 24 19 1 19 19 13 14 1 2 15 17 12 16 10 21 4 21 5 3 5 7 27 23 13 2 0 27 24 27 26 28 21 8 29 3 27 12 17 20 6 24 7 10 2 9 1 6 23 28 2 28 5 29 22 10 23 14 7 17 11 26 15 25 4 6 28 1 10 15 21 8 9 21 18 11 0 19 17 23 9 11 22 6 2 6 16 25 20 15 4 23 11 19 18 7 17 16 8 27 23 22 5 24 13 15 27 5 26 15 29 5 18 13 3 21 19 19 16 1 27 21 
24 0 2 5 8 20 21 16 9 7 0 15 1 13 22 29 19 19 6 10 16 24 23 20 15 4 1 24 5 28 15 21 29 9 26 7 29 10 15 9 17 16 16 18 21 8 9 2 19 15 4 6 2 27 26 17 1 27 11 28 26 18 20 17 28 16 16 19 26 1 28 5 9 6 16 1 7 25 25 26 3 0 2 5 19 28 22 13 18 26 11 6 6 1 23 4 10 9 16 28 2 6 4 12 13 20 5 20 7 22 8 10 22 3 15 4 23 0 17 11 18 28 17 24 22 2 21 2 
11 7 22 6 13 26 10 18 8 7 0 8 29 9 18 14 12 26 18 27 18 5 9 28 3 26 14 17 21 5 19 24 4 12 0 10 0 10 28 1 17 21 9 9 0 19 23 4 7 3 1 17 8 2 15 3 21 22 21 12 19 2 6 24 6 29 26 29 9 24 0 19 15 1 20 7 12 13 3 12 8 27 21 16 21 29 11 12 21 24 16 10 27 23 26 25 22 22 24 23 9 16 4 16 17 24 16 22 29 19 26 7 8 17 15 22 16 27 4 7 21 21 18 10 6 6 6 20 
29 0 5 8 17 10 24 26 26 10 10 26 22 6 25 22 24 11 14 2 0 11 10 13 24 20 24 0 26 22 12 17 22 17 25 1 19 20 20 16 22 0 12 14 29 29 29 15 10 13 17 10 24 19 24 18 9 10 10 28 2 22 15 16 2 11 18 21 23 0 7 7 22 11 14 21 11 13 6 13 18 16 16 13 5 2 23 7 12 26 5 6 18 20 22 12 23 2 4 8 2 3 8 25 7 22 8 18 27 7 23 15 23 9 20 28 11 6 5 15 2 2 21 12 15 6 25 8 
8 29 9 3 24 17 20 1 1 20 11 28 27 5 13 20 6 26 11 18 2 8 25 4 3 9 16 18 15 11 18 15 2 19 10 27 6 0 20 7 13 2 27 10 7 11 23 13 7 26 23 9 26 19 5 29 28 21 17 5 3 28 20 27 17 23 24 16 15 15 15 28 9 13 9 16 16 24 21 15 20 7 16 16 18 21 16 8 12 25 13 7 23 25 5 11 18 21 27 26 28 12 24 7 17 3 23 3 27 7 18 9 6 4 26 24 25 4 2 0 29 7 7 15 24 4 26 5 
26 15 1 24 19 25 2 7 21 17 10 10 16 21 20 22 25 8 16 13 12 10 13 11 9 12 26 26 17 14 1 13 21 24 29 11 11 1 10 2 11 12 5 27 3 25 20 21 25 28 26 7 1 9 10 2 13 29 28 0 13 21 5 27 7 27 0 19 28 10 13 1 14 18 29 10 5 11 23 0 1 19 29 2 20 10 27 3 9 17 26 14 9 23 3 8 20 3 27 11 5 11 12 12 21 3 22 27 14 15 19 16 4 19 10 24 21 7 19 0 25 15 6 26 1 10 4 21 
5 2 24 3 5 7 15 26 2 7 15 17 14 5 3 18 16 13 4 7 21 23 29 8 1 27 4 2 29 8 15 5 2 2 0 7 1 15 26 3 22 11 20 28 8 15 16 24 29 12 23 12 27 22 12 28 12 16 22 11 16 0 8 19 2 8 18 25 15 14 28 29 18 19 27 26 4 5 13 25 17 6 29 15 21 11 5 25 19 20 6 6 12 7 17 6 7 5 1 23 12 29 22 0 10 20 18 7 25 1 24 5 0 24 20 13 27 17 8 17 7 14 23 11 13 10 17 21 
7 18 6 11 10 28 3 20 10 22 19 6 15 14 3 7 0 15 20 27 2 28 14 2 5 7 13 18 9 1 1 9 19 7 20 29 6 16 12 8 8 1 6 15 7 9 23 7 24 5 5 27 4 19 21 9 19 4 19 20 5 21 21 17 28 12 8 26 28 20 5 28 14 11 5 21 21 20 29 15 26 26 4 22 15 25 1 26 0 20 9 27 3 0 6 2 4 15 20 2 27 25 22 3 29 20 17 20 10 16 27 28 4 24 20 11 19 21 8 11 4 9 1 7 9 7 1 14 
14 22 8 4 9 23 29 8 13 16 20 15 24 10 14 28 4 4 10 23 18 10 27 14 19 28 13 28 27 15 4 4 29 13 8 8 28 7 9 11 16 29 18 10 9 2 9 13 29 19 29 17 29 26 23 10 16 6 8 13 13 5 17 12 10 17 13 8 17 22 11 3 13 29 5 23 2 14 28 23 25 19 2 16 7 25 26 23 1 27 29 15 2 8 19 12 18 2 20 5 24 1 0 0 22 5 23 16 12 13 9 7 25 11 24 2 28 12 18 22 9 9 29 11 9 18 15 27 
13 5 24 29 28 24 29 13 22 14 29 4 28 9 3 23 12 19 17 3 2 5 25 3 6 24 7 16 4 22 13 17 20 0 17 10 16 16 23 8 1 23 4 21 24 8 6 28 27 15 1 29 13 18 3 19 4 2 5 9 24 11 18 14 11 27 17 19 14 10 28 7 25 24 20 19 2 18 10 0 3 11 21 16 22 16 6 26 18 3 27 5 14 16 11 17 13 28 29 19 9 19 18 26 13 8 8 16 26 18 8 22 21 21 8 13 8 6 10 18 10 7 23 16 15 5 26 29 
3 25 10 4 14 29 23 27 7 1 5 26 19 13 18 10 27 18 16 5 25 18 23 5 17 9 21 3 14 17 24 9 4 4 6 18 25 29 8 25 22 13 21 11 19 1 13 16 19 21 13 14 9 28 11 27 29 3 0 13 12 16 15 9 12 13 27 8 4 27 3 26 3 16 29 22 17 12 0 28 4 5 13 5 25 24 2 25 19 24 0 24 10 15 3 15 20 22 23 24 20 26 12 23 12 11 7 21 24 29 19 20 26 24 25 21 11 20 16 22 6 17 16 9 24 11 24 15 
26 17 1 16 5 14 1 9 17 0 0 11 21 11 23 17 6 11 8 17 23 17 1 29 4 10 8 20 21 24 27 17 3 29 25 8 5 18 17 22 18 9 26 9 21 11 18 19 14 27 28 7 14 29 29 10 9 29 0 23 24 28 2 27 19 20 6 16 8 15 0 19 17 26 20 8 0 9 19 14 28 17 22 4 8 21 14 18 20 6 3 6 26 5 4 7 17 2 15 26 9 16 7 26 4 27 4 4 6 23 19 26 2 3 0 11 16 6 21 28 5 24 5 1 21 1 1 9 
3 16 27 12 24 4 1 29 1 5 25 0 21 6 26 15 9 27 26 17 3 9 16 8 25 13 2 17 6 25 18 1 3 15 13 28 19 6 19 12 12 14 12 25 21 9 2 22 6 21 10 1 0 18 2 26 23 26 5 29 13 23 0 16 8 5 6 19 12 25 1 16 10 14 3 1 15 5 23 13 26 25 14 19 13 8 15 28 26 20 27 9 5 27 26 13 3 2 24 7 28 25 23 0 9 26 23 24 1 8 29 20 4 14 9 9 14 24 8 11 6 5 20 11 25 8 16 20 
11 10 27 1 27 20 23 29 8 16 15 1 24 15 21 20 29 0 0 5 16 0 16 14 5 7 17 22 7 3 12 18 5 9 11 3 21 4 2 29 20 9 1 7 24 22 27 15 15 27 21 23 27 7 8 25 6 25 17 14 21 22 24 26 1 28 21 15 2 15 14 15 25 7 22 19 22 19 5 7 9 26 0 28 25 0 15 24 26 25 0 17 17 24 5 10 22 19 25 17 4 2 2 21 9 16 11 1 27 8 0 6 26 23 27 21 23 12 7 11 29 7 20 16 2 26 27 16 
7 14 3 11 16 27 25 18 13 28 11 11 6 4 9 2 27 6 15 12 11 15 24 10 22 14 27 24 2 16 3 9 0 6 13 9 26 8 27 9 6 8 20 4 12 0 28 1 28 5 14 9 20 0 12 13 6 9 29 1 17 2 10 9 1 15 18 27 23 15 28 21 16 11 25 20 3 23 22 1 29 28 3 19 20 15 2 26 16 24 27 3 26 0 4 19 15 23 8 1 0 7 22 8 18 18 29 21 3 13 14 24 11 9 14 23 24 8 19 2 2 9 27 21 9 2 2 16 
25 11 17 17 10 2 26 28 12 25 11 15 0 17 10 11 27 16 26 13 16 15 16 19 16 5 2 17 7 4 26 24 7 13 12 17 7 0 7 19 25 10 27 25 28 29 28 17 15 24 22 1 1 0 12 10 6 6 27 5 11 15 0 18 29 4 28 28 4 5 18 21 16 7 8 6 6 28 15 13 14 7 6 7 8 19 17 14 17 7 11 28 22 11 9 13 7 7 12 3 4 22 24 20 21 24 18 27 22 3 2 6 11 8 14 11 19 1 17 7 0 28 27 23 2 28 28 9 
5 10 5 2 24 29 14 15 16 3 4 8 28 6 15 1 7 21 12 18 14 21 25 15 20 15 0 22 13 28 23 11 1 28 13 17 20 19 3 6 22 7 14 21 6 21 14 13 4 27 23 19 18 11 26 0 26 26 22 1 16 8 4 9 6 9 27 26 29 22 24 21 21 9 4 27 22 19 2 27 8 26 8 18 7 4 19 25 22 3 26 0 3 1 10 10 10 29 28 9 21 23 23 4 24 19 24 8 0 26 27 8 14 5 19 13 9 8 0 1 3 19 24 7 12 26 9 14 
25 29 24 8 14 9 12 0 20 6 9 21 25 6 29 1 12 10 7 13 10 7 7 14 18 1 13 0 27 22 15 22 13 1 22 28 10 26 28 0 3 7 21 20 6 13 13 10 15 20 23 26 20 0 2 8 23 15 9 20 29 16 4 12 17 26 10 27 15 1 19 10 0 3 0 6 8 5 16 23 26 2 11 8 24 13 8 18 28 9 8 19 25 5 24 12 23 4 1 8 27 13 18 28 16 10 4 16 16 13 1 4 15 13 12 9 26 20 27 17 22 28 6 17 3 0 0 18 
27 1 27 24 14 15 14 22 18 19 0 4 24 2 8 9 7 12 10 3 24 0 12 16 20 11 4 15 3 26 3 22 27 0 17 4 8 1 18 26 12 19 22 6 13 22 7 20 4 10 15 28 10 20 7 0 1 3 7 4 29 10 27 18 3 6 14 3 29 3 21 4 14 13 2 19 5 10 1 1 20 8 21 22 28 28 14 29 1 21 26 22 23 15 11 26 13 25 29 4 20 12 8 4 25 11 23 22 13 16 23 25 25 7 17 23 5 1 15 29 14 3 21 7 18 24 26 23 
20 17 27 10 0 6 7 17 9 22 2 14 9 17 9 4 24 18 27 22 11 12 21 25 15 4 24 25 29 20 18 19 8 8 21 0 14 28 17 15 21 19 29 22 7 0 26 1 18 23 15 29 28 6 24 5 3 10 23 2 1 3 13 9 11 26 9 17 25 18 2 8 8 23 0 7 23 18 0 3 3 16 2 1 14 18 29 17 29 22 19 22 17 24 1 29 21 2 16 8 12 11 8 12 4 0 19 20 18 12 15 13 20 18 15 4 28 6 22 19 20 3 11 7 20 4 6 3 
28 23 11 11 26 11 23 22 11 5 4 21 17 20 4 7 0 11 3 28 9 25 18 29 21 29 7 3 26 5 6 24 20 17 5 16 20 29 9 23 26 13 6 13 3 2 12 3 14 15 24 23 3 4 15 16 25 14 19 21 19 25 16 10 4 21 18 24 12 19 9 8 3 15 13 28 17 25 24 23 3 10 17 28 14 24 14 9 8 25 1 27 12 17 29 16 0 18 2 13 29 11 21 2 18 5 23 5 22 9 29 17 19 8 15 25 2 21 4 2 16 27 29 28 6 21 6 7 
1 0 20 0 3 3 25 21 0 10 19 15 19 18 2 0 18 10 25 20 1 21 22 18 11 13 8 17 26 7 24 27 7 6 20 11 2 15 24 2 25 13 9 6 23 12 28 11 22 15 23 15 28 7 3 9 21 4 27 17 11 13 7 10 20 27 13 22 4 0 16 21 13 26 27 7 0 25 10 14 2 4 29 0 11 25 10 24 21 29 4 24 12 11 4 2 0 10 16 4 10 25 25 15 13 14 22 13 1 25 27 3 29 18 3 10 13 5 27 26 4 1 20 17 12 25 11 12 
27 20 8 7 15 3 22 28 9 7 3 10 2 22 5 23 10 8 25 16 6 22 12 10 23 3 27 27 20 1 1 17 21 9 16 6 4 0 26 13 29 29 15 23 21 20 16 1 21 4 9 27 26 22 7 12 17 27 9 29 28 11 16 19 20 24 17 17 24 13 0 24 12 8 17 3 28 26 26 11 0 6 8 26 20 8 8 7 5 10 28 3 21 6 14 3 0 1 20 16 14 13 10 18 21 20 21 11 8 9 23 8 15 1 26 27 9 27 26 6 7 24 1 20 0 15 23 0 
8 14 9 14 19 11 2 10 1 15 13 9 25 6 9 2 0 6 22 1 3 18 8 2 13 1 22 5 17 15 28 17 21 7 24 10 18 26 12 12 4 26 13 21 24 23 15 24 29 7 26 24 26 26 26 1 19 18 6 28 3 26 16 17 3 10 27 14 28 2 26 2 28 9 15 22 2 1 9 23 8 27 17 26 15 5 27 4 23 26 3 19 22 19 6 18 21 25 2 19 19 20 14 17 29 29 2 24 0 11 9 1 0 19 27 15 24 17 19 10 5 22 29 19 3 27 7 24 
14 1 6 4 21 20 13 13 11 15 7 4 18 16 5 18 5 24 3 22 11 15 2 16 7 1 28 3 20 5 27 26 29 25 0 20 15 6 3 27 13 2 1 2 19 28 12 16 22 8 8 4 23 10 12 22 3 2 25 15 8 15 4 7 10 26 19 26 2 15 15 16 17 8 10 6 6 22 15 20 0 15 16 23 18 21 16 13 23 11 21 1 18 25 0 29 21 12 17 24 27 2 10 14 2 20 13 0 4 20 20 5 5 7 20 23 28 6 29 21 10 20 15 28 15 7 19 6 
19 6 22 8 8 24 23 2 6 28 2 11 18 23 16 15 0 28 1 28 5 0 11 7 20 26 27 27 26 17 25 15 23 18 16 24 12 9 26 19 29 29 22 9 22 0 24 14 28 25 4 25 17 15 2 7 4 22 26 0 9 22 7 24 10 23 18 14 24 7 25 23 28 17 2 12 17 19 26 16 14 22 11 24 7 6 23 3 28 20 3 29 12 3 23 14 26 4 28 21 11 16 6 9 3 1 13 13 20 9 21 26 23 24 20 0 0 14 26 20 4 21 19 8 24 5 22 21 
9 12 4 12 28 10 13 24 3 26 7 23 27 28 20 20 22 2 12 15 16 8 5 12 22 17 20 16 22 4 29 23 17 25 27 7 28 10 1 1 28 0 25 25 20 7 7 13 9 19 20 26 20 17 8 12 26 21 20 10 25 20 3 4 7 0 12 5 2 5 7 0 6 24 17 26 1 24 1 10 14 13 28 26 1 29 8 19 20 28 0 15 10 25 20 18 26 2 15 20 29 22 21 27 8 0 16 9 25 17 12 1 23 2 27 16 1 27 5 21 25 5 7 28 1 27 8 19 
21 23 9 12 8 22 10 16 15 26 18 10 5 22 11 28 24 0 14 26 27 12 17 22 17 16 12 10 5 20 21 18 6 23 1 14 15 11 22 0 7 2 2 4 24 5 3 19 5 9 7 2 21 24 17 1 3 21 3 8 12 25 27 10 18 28 24 25 1 8 18 0 11 20 4 27 26 29 16 23 9 15 18 22 10 5 15 5 26 19 13 0 14 2 10 2 0 26 27 23 27 15 23 8 28 28 5 16 19 14 9 28 29 27 13 1 24 28 6 13 9 12 13 23 14 16 17 7 
4 7 0 1 14 24 9 12 14 7 28 3 13 0 24 4 19 7 6 14 27 4 27 7 16 2 22 23 10 10 0 15 17 0 16 1 16 18 6 0 17 26 26 0 18 20 4 8 19 2 14 8 7 3 15 15 27 0 8 8 2 0 23 19 23 1 12 9 19 10 10 6 29 6 28 17 18 3 25 7 27 1 15 26 4 23 12 2 15 12 10 17 5 25 28 28 26 2 7 8 13 9 6 12 7 5 21 25 0 17 24 27 10 2 24 15 17 28 17 2 2 19 11 7 6 9 5 2 
3 5 2 16 14 9 20 14 14 12 9 14 21 26 3 1 20 27 8 7 17 17 1 20 28 4 27 4 13 25 29 16 0 1 25 6 2 7 20 16 11 22 22 24 18 26 18 0 15 26 29 3 6 0 15 4 26 12 9 9 29 8 17 21 1 4 28 4 12 18 12 15 2 5 10 12 23 28 12 0 16 11 25 22 3 10 27 29 15 6 0 14 6 10 6 29 14 26 3 18 6 8 4 9 13 6 21 28 4 26 28 20 7 24 5 3 4 2 2 11 0 25 26 28 5 24 27 11 
20 23 0 26 23 26 5 6 2 19 26 28 15 16 10 14 2 15 17 29 9 12 10 1 7 6 29 4 0 19 15 12 4 7 9 27 25 14 25 19 3 13 17 10 29 20 25 2 5 12 23 7 16 3 8 23 2 0 19 24 19 27 7 15 4 16 12 22 22 29 11 18 12 21 28 11 11 15 5 8 28 28 15 14 2 16 0 26 16 11 20 27 8 27 12 5 5 24 27 28 23 0 16 5 21 6 8 2 22 14 11 12 4 18 18 28 4 10 24 12 22 15 9 22 4 21 27 10 
7 16 8 22 17 16 19 0 14 28 3 6 4 6 10 8 16 29 7 13 1 23 25 23 8 5 16 13 26 5 23 4 14 23 18 1 9 8 1 15 6 26 14 10 24 24 10 3 15 9 16 17 3 3 2 3 8 10 16 27 16 1 23 0 24 11 23 25 19 16 3 25 5 17 27 21 11 0 24 19 1 2 28 4 6 0 0 14 11 16 3 19 10 26 11 26 8 26 14 19 4 17 7 9 4 26 23 7 26 9 18 28 12 16 24 18 17 24 24 20 3 20 1 5 16 4 1 16 
22 7 6 26 16 5 28 12 1 21 20 20 22 0 10 4 17 4 14 26 21 1 16 16 21 9 21 29 13 14 16 5 22 14 23 8 19 21 21 12 4 3 2 27 3 12 23 12 17 8 8 0 1 24 16 22 25 29 21 8 13 29 5 27 5 29 6 16 12 19 29 17 14 1 6 17 6 29 22 15 7 0 15 8 17 23 22 12 22 6 13 27 27 18 25 3 9 23 11 14 12 10 1 26 4 29 5 10 28 27 25 28 28 2 28 7 25 21 19 9 19 24 6 16 5 1 19 14 
24 1 28 6 3 21 24 29 20 22 9 11 11 26 9 1 28 7 8 15 20 28 24 9 22 1 26 27 2 7 4 19 0 24 17 26 8 12 25 20 26 5 1 7 23 2 9 14 10 17 29 22 7 16 2 22 17 28 19 11 27 15 0 28 2 10 24 10 22 19 0 10 16 24 17 2 26 26 16 28 14 7 21 21 23 15 13 10 5 25 14 2 2 6 22 4 16 8 14 0 20 7 10 6 1 28 0 19 16 16 18 0 24 1 14 17 8 19 20 13 6 26 15 9 2 0 13 11 
8 20 11 28 19 14 27 20 4 27 1 20 14 11 21 0 4 27 9 12 16 29 25 15 25 3 24 20 3 29 1 3 11 12 2 0 18 21 12 22 18 6 13 24 17 26 16 22 23 26 4 1 25 22 16 13 17 2 3 20 24 4 15 27 8 9 28 27 0 2 11 19 8 24 5 18 20 22 10 5 18 6 7 5 20 15 18 7 10 13 19 26 17 5 23 18 14 13 7 15 16 18 26 16 13 23 4 25 15 6 1 25 5 0 1 25 7 11 3 17 25 14 5 12 19 29 22 26 
12 29 3 20 18 29 7 23 22 3 18 0 10 19 25 7 19 26 2 27 8 27 6 25 4 12 7 23 3 22 11 15 21 14 28 1 13 27 24 28 22 13 20 24 24 15 1 6 4 26 3 4 23 1 29 19 5 28 13 8 20 24 16 4 1 14 5 14 3 0 4 25 5 24 20 29 2 21 5 6 17 0 2 3 24 1 22 29 21 27 8 12 14 16 8 15 22 13 21 25 5 18 12 10 4 2 10 6 16 7 4 25 8 6 20 2 29 5 23 21 24 23 25 8 9 3 15 1 
8 29 18 14 9 23 24 13 25 26 20 3 4 16 21 4 23 11 28 14 8 13 5 3 7 22 3 8 17 11 2 26 10 20 10 19 13 26 24 1 15 14 26 19 1 17 15 16 21 5 0 29 18 28 2 25 12 6 4 0 17 6 18 19 18 20 0 24 16 24 17 23 1 13 12 24 1 19 2 22 24 2 21 13 22 16 8 5 14 4 27 23 2 15 12 21 5 4 7 13 28 24 7 21 7 11 15 0 1 9 14 17 12 28 0 26 14 1 23 20 27 20 13 0 5 17 13 2 
21 20 8 11 6 7 25 5 10 2 6 3 12 20 21 16 10 13 12 16 14 6 6 4 26 19 4 24 6 9 18 19 29 18 23 5 25 18 10 28 12 8 1 24 21 22 10 1 28 23 18 4 21 24 8 17 6 12 3 4 13 14 16 12 2 1 9 20 11 12 18 23 12 19 18 3 4 28 27 24 13 7 28 4 23 7 14 21 11 9 26 25 23 4 29 26 5 1 16 16 13 26 9 17 7 27 13 11 18 10 5 1 9 26 28 2 3 4 16 6 13 12 1 7 16 23 3 21 
24 11 7 29 29 8 16 6 6 29 10 16 1 7 9 2 3 7 27 28 11 13 5 25 17 28 24 3 21 19 16 15 0 15 6 21 23 23 27 21 14 29 7 8 7 17 2 2 24 29 1 28 12 28 15 29 26 9 24 18 28 2 25 20 17 2 11 11 17 0 24 23 0 2 23 29 19 26 1 5 25 24 25 0 22 10 21 19 19 8 29 17 10 16 29 28 10 10 1 27 11 25 13 3 19 6 2 0 2 3 28 20 28 23 12 12 26 3 1 7 11 22 25 14 9 16 12 19 
27 5 9 0 22 22 3 12 20 5 4 15 0 2 27 20 18 9 3 14 4 26 21 8 19 8 22 20 25 26 1 14 1 10 14 15 24 9 27 15 14 24 22 6 26 19 27 14 28 22 20 24 10 12 2 29 12 16 11 7 12 13 21 5 15 27 21 10 6 10 17 12 4 9 19 1 20 8 7 18 22 28 4 2 2 7 24 14 23 5 14 6 10 27 3 26 25 24 28 23 5 15 6 1 16 17 24 6 17 2 16 9 22 20 11 24 19 27 0 13 25 14 11 5 12 6 23 29 
1 21 22 28 28 28 29 6 7 24 4 24 18 12 3 10 3 7 26 14 26 26 27 21 11 0 19 15 7 12 14 0 26 6 20 16 27 19 15 26 5 19 21 15 2 16 25 27 15 13 11 12 10 1 3 13 23 14 28 22 19 12 14 15 10 4 23 29 16 8 26 21 20 17 7 14 25 24 11 11 8 14 23 18 15 18 23 1 3 21 23 14 25 8 29 27 12 14 27 20 15 15 12 27 24 11 11 19 5 14 22 5 28 15 15 6 26 8 7 21 29 22 5 16 22 26 14 27 
2 3 17 17 18 29 14 12 2 25 23 8 1 16 5 0 23 21 6 19 29 5 2 21 19 7 7 12 25 13 9 28 16 26 15 4 18 22 8 20 9 24 20 11 10 26 11 3 17 9 15 8 6 17 29 25 17 7 7 12 20 8 10 7 27 18 3 15 10 4 27 19 28 10 22 0 28 25 25 15 26 10 15 2 20 15 20 7 22 27 11 4 28 14 3 25 2 29 10 4 3 29 15 23 9 8 23 7 3 18 14 0 21 0 2 11 15 14 10 29 4 13 3 2 27 29 27 21 
28 29 25 1 20 11 16 0 19 9 29 14 19 14 14 10 6 9 13 13 23 15 12 27 29 7 21 18 6 18 10 4 9 5 27 0 8 13 0 27 22 21 12 4 5 18 14 3 27 20 16 13 5 20 2 26 28 24 15 26 4 25 1 14 22 20 14 1 4 6 20 18 27 24 22 25 13 29 28 2 11 7 7 8 27 10 5 17 4 20 14 8 7 7 14 29 27 28 22 23 26 13 12 16 7 26 11 20 17 1 15 20 8 22 29 28 2 4 15 28 16 29 7 23 6 21 14 26 
12 7 19 8 20 23 16 27 12 27 10 21 21 25 12 21 17 11 19 20 7 5 10 23 26 17 16 25 1 0 21 5 29 10 5 19 26 22 9 8 11 19 29 2 14 11 16 23 14 5 5 21 2 16 14 21 25 22 16 26 15 7 23 14 9 29 26 27 21 5 5 2 24 27 27 0 8 13 15 15 10 21 6 5 29 13 26 24 5 12 13 12 11 6 19 12 27 15 10 18 20 7 13 6 4 10 28 5 15 13 20 25 26 18 22 17 1 18 4 29 22 17 11 25 15 0 8 13 
15 10 1 27 9 6 3 14 8 23 11 23 29 23 11 17 11 3 5 13 22 9 12 6 18 23 2 3 16 2 8 1 4 2 21 13 8 24 19 17 10 22 10 9 15 13 18 27 17 15 10 1 24 14 7 4 7 1 8 15 25 16 17 29 10 8 5 19 24 24 6 26 9 8 27 24 14 16 21 1 1 23 24 18 7 23 22 7 25 22 22 20 1 9 12 11 9 17 0 26 3 28 22 12 29 20 7 13 6 20 6 29 14 22 17 21 15 10 28 2 24 21 15 25 22 27 7 24 
14 29 20 9 28 12 14 19 2 21 24 0 3 0 0 17 22 9 1 29 11 29 2 6 12 17 1 5 14 0 21 20 0 11 21 20 23 5 9 18 18 3 10 22 25 2 9 9 4 2 8 15 2 10 21 6 27 15 3 3 15 24 15 7 5 7 19 21 12 28 1 1 23 11 23 10 6 24 19 10 27 20 25 21 0 9 27 20 16 23 15 23 17 1 1 23 8 20 6 20 11 7 13 26 10 28 29 16 23 10 18 12 0 6 3 23 15 22 5 1 15 20 24 25 13 17 10 13 
0 16 26 3 15 9 29 25 8 28 4 23 1 14 5 1 20 0 24 5 14 21 28 0 12 15 17 17 2 27 1 2 13 27 5 28 6 27 15 6 17 11 29 18 26 26 12 16 26 28 14 11 20 12 3 24 19 20 11 22 9 12 16 22 9 14 12 8 3 27 14 12 9 14 23 27 10 5 13 29 3 19 2 23 24 27 17 13 9 21 27 18 3 14 10 5 20 14 13 15 11 19 27 12 25 20 9 6 17 15 27 21 4 29 6 28 18 16 4 27 7 1 15 2 7 17 7 27 
1 12 4 4 2 24 9 19 14 18 25 2 25 14 15 22 5 21 12 23 7 16 20 6 18 27 9 25 14 8 15 7 13 19 12 15 5 21 26 20 1 22 14 19 28 29 11 4 12 15 27 20 2 10 18 20 7 27 7 14 6 22 13 19 4 17 26 9 8 22 21 2 6 27 13 5 26 16 1 1 1 28 13 3 8 1 15 16 29 15 22 27 29 5 8 3 23 26 5 23 10 18 17 17 16 0 14 4 16 15 27 10 5 10 5 14 12 21 22 11 6 6 0 5 11 8 1 26 
26 28 20 6 8 29 15 16 0 29 13 8 6 10 10 4 21 16 18 3 29 2 6 27 0 28 24 11 28 25 0 24 15 20 0 16 19 16 2 11 7 15 12 6 18 22 10 9 0 20 4 29 22 10 26 22 8 21 25 28 8 25 22 16 7 22 2 19 0 26 0 0 12 4 6 0 19 16 1 19 6 5 19 20 7 7 4 7 28 29 5 29 17 27 15 24 11 17 13 12 5 6 12 9 2 10 1 21 26 2 11 24 7 22 14 14 29 18 21 28 9 18 19 26 15 4 13 27 
13 26 1 18 24 5 28 27 15 29 18 11 24 21 5 23 13 11 8 13 29 21 3 8 10 22 27 17 18 10 14 1 28 7 11 23 12 1 12 27 1 0 0 17 14 27 10 27 8 10 2 29 2 27 0 4 19 27 13 29 29 20 0 27 27 4 12 2 5 24 21 28 17 22 15 1 11 26 20 12 6 23 3 0 20 3 26 2 22 10 1 21 0 24 11 27 28 23 21 3 10 13 2 27 27 17 28 0 13 18 12 12 3 16 12 24 11 9 18 4 19 19 17 11 13 28 0 11 
14 22 7 24 5 9 21 2 18 11 2 24 21 7 6 25 15 10 11 26 19 29 0 0 18 10 11 24 8 12 27 22 26 4 8 1 5 29 25 16 2 19 10 24 18 8 19 3 18 22 0 0 21 22 22 1 2 26 17 11 0 15 25 26 19 4 27 17 25 14 3 28 25 13 22 14 13 3 17 23 25 17 15 8 10 8 1 12 4 19 15 26 4 3 22 15 7 11 2 24 25 27 22 20 2 14 4 15 9 14 1 26 1 16 4 3 24 6 8 20 17 15 16 21 18 0 28 17 
11 23 12 28 20 4 19 23 11 15 0 20 21 1 17 15 18 13 18 4 11 18 17 28 4 25 11 22 26 10 10 29 3 22 28 15 18 9 0 29 16 1 12 8 24 21 23 4 4 3 9 16 22 18 6 18 13 18 2 1 20 12 1 15 26 29 0 7 0 1 6 16 24 18 24 10 9 9 15 6 5 16 14 27 4 20 7 9 0 9 11 20 14 12 5 2 3 28 9 3 21 16 11 7 26 28 17 28 7 24 4 12 10 10 1 6 0 8 8 1 10 19 13 24 23 11 18 18 
9 28 13 0 6 24 29 2 22 16 22 0 11 18 4 13 28 28 12 29 6 20 22 8 1 27 24 24 8 13 4 9 11 17 1 17 11 0 11 4 17 26 26 20 14 22 25 13 20 29 12 19 19 26 27 12 23 22 6 24 5 2 3 8 19 5 17 1 27 20 27 14 16 23 26 1 15 14 14 28 13 18 17 3 6 14 7 21 28 14 15 25 8 11 3 28 8 12 29 5 3 26 12 11 11 0 12 18 14 18 16 28 28 3 23 4 10 0 26 8 6 3 4 15 14 29 13 22 
12 4 20 7 22 2 18 25 2 23 13 17 11 22 7 10 17 0 6 27 22 2 6 29 6 2 6 12 23 19 27 5 15 17 4 7 11 15 2 13 8 7 22 11 29 29 13 17 21 20 6 6 14 4 5 20 6 3 25 0 14 22 27 29 1 24 28 12 9 0 25 17 29 10 28 21 1 4 0 15 24 6 21 8 11 18 21 9 21 16 1 5 0 29 26 1 23 24 13 24 16 0 11 15 10 1 28 12 5 28 19 29 27 10 0 8 20 21 9 11 29 11 8 29 2 4 0 17 
28 13 11 14 13 14 21 16 15 20 20 13 18 9 4 15 19 4 15 1 17 17 12 16 28 12 15 22 16 15 1 6 20 4 20 4 18 11 12 25 1 2 8 12 11 5 19 22 9 5 23 27 14 27 13 4 9 21 26 25 28 19 1 19 23 13 15 3 16 27 28 10 29 29 22 2 26 3 24 5 0 9 24 14 6 8 18 15 21 6 2 19 25 25 8 18 0 15 13 16 4 4 18 3 25 10 27 21 6 21 26 6 0 21 21 28 21 1 5 4 8 29 23 3 24 24 14 16 
9 27 25 14 23 13 9 18 16 7 9 22 20 28 20 13 11 11 11 2 5 17 6 13 16 21 8 3 15 22 19 17 12 6 23 5 20 2 24 6 1 25 20 22 23 10 5 4 14 8 6 19 25 4 2 4 26 10 7 3 25 18 20 29 25 13 4 7 8 20 13 9 16 3 23 9 5 20 14 19 29 12 8 16 9 2 20 27 5 19 0 0 0 13 29 17 18 25 24 26 16 29 28 2 24 13 11 29 26 17 19 25 22 19 3 1 22 24 28 27 5 20 19 5 25 10 22 14 
5 8 2 21 7 22 15 1 6 19 23 2 6 12 19 28 1 14 21 15 0 19 4 6 2 23 3 27 3 18 3 1 26 6 22 4 20 0 27 26 19 20 20 17 24 1 8 18 16 29 3 16 11 8 14 13 23 18 2 19 6 6 20 2 4 4 28 24 4 18 13 23 8 25 3 3 27 11 13 5 10 16 13 21 16 28 26 2 8 21 21 14 27 11 8 23 15 29 17 20 17 0 5 17 18 8 12 15 11 25 12 22 4 25 5 12 15 24 14 23 15 5 29 4 16 0 27 24 
29 14 6 8 7 3 25 25 4 0 2 15 25 6 7 21 23 5 4 9 29 18 24 14 16 16 10 24 16 7 18 15 13 16 15 12 20 10 29 24 2 23 9 28 29 9 11 23 6 15 24 5 26 10 11 12 26 21 28 12 20 9 19 3 25 4 16 7 7 15 1 9 9 3 29 0 4 11 15 2 18 1 7 6 12 10 10 8 23 9 13 13 18 24 16 13 29 24 13 28 2 6 29 3 9 21 3 5 24 11 7 12 12 6 11 24 8 21 25 1 0 0 14 18 24 23 24 15 
9 7 13 11 13 5 6 15 26 2 12 12 13 12 16 25 10 27 12 19 19 29 12 19 29 19 0 23 4 24 9 13 23 14 17 28 11 23 5 29 25 18 11 8 22 28 26 2 25 8 13 14 7 26 26 28 15 26 21 11 12 22 24 5 29 11 25 10 27 1 2 22 11 13 23 3 11 19 27 29 19 11 13 18 29 9 16 6 27 29 17 9 22 3 6 13 7 2 15 4 25 17 18 28 1 11 1 4 22 20 3 3 23 9 21 22 10 7 20 8 7 7 9 21 3 16 4 10 
10 11 14 27 29 2 25 22 6 18 26 20 0 0 24 24 1 7 8 11 15 29 11 14 28 21 27 1 29 1 3 1 12 17 28 3 12 15 25 18 3 22 0 25 14 24 19 7 2 20 18 9 19 0 15 9 21 12 3 12 5 6 13 9 16 11 13 28 26 0 8 21 14 0 16 20 17 28 27 11 18 16 20 29 8 27 0 21 9 3 3 6 2 16 15 10 27 20 8 15 21 8 28 27 8 6 18 25 26 15 28 14 23 18 5 1 7 6 22 8 1 25 14 3 11 22 13 0 
4 13 7 17 13 27 15 14 26 3 1 22 10 0 29 4 10 4 5 18 10 28 26 12 15 3 7 27 25 13 19 29 18 19 17 2 16 2 16 12 27 9 5 7 9 4 11 20 0 9 8 11 7 26 15 14 29 22 3 24 27 23 16 16 12 3 18 20 27 26 3 24 5 0 1 7 26 5 27 26 14 27 29 13 15 14 27 7 29 1 1 26 16 9 4 28 4 14 18 1 2 13 17 0 13 19 7 1 16 26 28 0 15 19 5 0 4 2 7 25 25 1 13 11 2 10 1 7 
24 12 8 27 25 26 27 1 7 4 24 15 22 14 7 7 4 12 29 0 6 29 25 2 0 0 5 2 10 29 1 5 11 10 24 28 28 13 29 5 9 16 12 1 0 19 8 4 1 29 4 29 28 21 1 20 14 29 23 24 28 24 21 1 26 7 29 24 20 21 21 29 7 3 0 7 14 0 12 15 0 8 15 20 22 8 11 6 29 26 22 19 12 6 20 9 13 20 25 4 3 9 3 10 4 26 17 19 18 21 26 18 22 3 1 14 4 12 12 3 8 4 15 20 10 5 21 16 
17 17 20 20 18 15 22 22 3 2 3 22 23 0 2 7 25 3 13 29 7 25 25 15 22 10 6 24 7 19 10 17 6 22 7 16 0 0 9 3 2 4 17 17 4 12 17 22 7 0 21 15 18 8 0 2 10 28 26 18 18 7 5 16 21 4 3 21 26 4 17 20 8 26 0 5 8 17 27 16 9 10 1 19 19 23 21 29 22 18 9 10 17 6 18 8 3 21 22 29 17 9 20 26 5 12 1 6 21 28 22 0 8 15 12 19 8 3 11 0 13 20 2 0 27 13 1 0 
26 23 21 14 24 3 10 21 15 3 27 6 23 11 29 23 18 11 13 27 14 24 19 28 6 14 20 25 27 21 17 23 6 9 7 22 12 9 6 20 4 25 26 19 7 17 13 17 28 18 14 5 4 4 3 10 18 15 6 7 29 23 0 27 24 0 20 7 1 26 19 6 21 15 17 20 3 0 8 23 18 14 28 14 10 23 25 28 9 23 27 8 16 28 27 3 20 17 10 21 5 21 19 19 6 7 9 1 29 9 17 10 24 15 24 4 9 19 25 10 12 22 10 21 12 7 24 2 
17 26 16 22 9 27 11 15 4 13 9 4 14 26 14 0 3 0 5 4 20 22 14 24 6 16 7 11 24 23 13 11 11 21 25 20 19 7 28 23 12 29 19 26 17 25 27 20 26 24 25 8 8 1 2 14 18 2 25 12 25 1 15 29 22 10 19 11 9 9 27 13 8 8 10 25 4 29 16 22 23 3 0 23 26 24 7 14 26 25 18 14 18 3 13 10 6 24 14 7 4 3 21 12 11 23 0 7 22 8 29 7 11 29 0 7 24 29 14 12 24 2 26 12 28 1 15 26 
26 21 25 22 24 16 4 5 9 26 5 23 4 4 0 7 26 22 7 12 22 21 24 8 15 13 13 5 14 28 1 2 11 27 24 5 5 21 2 7 9 7 0 14 4 23 21 0 15 28 12 29 11 6 8 27 11 21 2 26 11 26 20 22 15 7 27 20 20 21 19 29 29 12 5 3 5 27 3 12 17 7 12 29 13 12 26 25 3 20 13 14 16 25 6 1 24 25 14 14 16 3 6 7 15 11 2 12 8 27 17 26 4 21 17 10 3 13 27 6 3 10 12 12 27 18 5 22 
5 19 28 21 15 4 21 0 8 23 5 16 21 22 4 25 13 21 5 16 26 24 14 22 26 26 4 24 6 9 8 11 21 6 24 6 3 15 28 11 9 25 19 22 17 16 9 22 29 7 0 26 1 14 10 28 2 14 22 8 15 0 11 28 28 6 4 1 13 25 4 22 20 24 6 0 10 16 14 9 23 15 27 24 29 7 22 24 21 6 2 29 28 6 27 27 12 24 20 17 11 25 2 23 19 8 15 21 24 0 0 17 15 28 4 6 27 26 0 11 25 25 10 23 1 29 12 5 
15 3 22 18 20 16 12 9 25 27 22 19 19 14 29 4 12 3 3 2 21 3 13 16 20 23 10 13 14 22 10 22 17 3 10 7 19 22 8 6 12 0 26 1 15 17 28 19 20 1 21 11 26 4 28 17 19 0 0 4 22 11 26 10 6 6 17 17 21 26 16 25 18 12 18 3 21 16 23 11 17 6 14 6 11 12 23 0 12 15 26 27 18 14 7 16 13 16 26 4 4 12 21 23 24 9 26 15 26 11 18 5 18 2 11 21 7 26 21 11 4 10 8 22 24 7 1 7 
24 27 3 20 9 24 13 25 4 2 2 22 5 20 27 23 14 1 6 21 27 20 25 23 0 3 8 24 3 9 24 19 6 19 9 15 14 15 2 10 17 4 2 14 16 29 0 0 22 6 14 12 26 9 5 26 4 13 13 29 22 29 18 20 18 28 27 2 5 29 4 14 3 6 28 19 28 28 12 20 5 18 24 23 19 0 20 23 5 25 15 20 24 3 10 4 23 8 29 28 7 3 12 3 10 3 14 0 1 26 12 28 6 7 22 25 29 4 11 4 29 26 16 15 29 27 19 15 
27 18 13 26 22 18 29 24 21 6 16 22 24 28 13 1 27 5 26 26 9 29 23 8 25 9 15 17 28 4 2 25 23 7 14 7 25 5 23 8 11 9 23 6 7 6 7 5 3 25 23 12 25 16 12 12 18 27 21 8 1 23 4 16 23 10 15 10 15 8 19 27 17 4 3 25 10 2 22 13 27 7 17 14 24 29 27 4 18 18 12 11 4 8 20 19 18 5 29 26 14 10 23 1 14 18 18 16 12 10 21 9 18 8 16 4 29 5 0 9 23 12 21 19 13 11 0 23 
16 0 19 0 2 12 24 9 22 12 25 4 15 9 6 25 17 22 21 9 27 21 18 12 25 1 24 8 12 24 2 21 16 21 13 11 26 7 20 10 20 7 15 5 16 13 22 26 5 13 27 24 4 15 6 21 9 0 0 21 17 24 4 3 15 18 14 3 25 26 14 7 4 21 4 12 4 26 0 1 9 27 25 5 5 1 27 14 24 19 27 11 13 2 6 20 12 21 24 7 9 0 15 13 21 11 26 17 8 18 18 9 16 13 15 21 6 4 27 0 23 24 3 6 18 2 26 0 
15 12 8 24 4 15 8 25 18 26 4 26 14 22 6 22 27 13 5 4 9 2 26 2 27 0 0 7 2 18 8 17 1 8 3 5 23 11 23 3 29 19 0 6 12 28 28 9 3 4 5 12 28 2 6 25 24 6 3 18 24 3 27 17 11 0 15 26 12 0 29 3 19 21 9 1 19 0 3 14 26 8 26 24 2 2 12 26 0 7 14 25 10 11 4 21 12 19 9 16 19 8 19 1 0 21 2 11 13 27 26 9 28 22 25 0 17 7 27 17 6 11 4 16 23 1 29 27 
20 8 13 2 9 24 3 9 7 27 20 20 17 8 21 15 23 17 15 10 16 12 19 23 16 16 1 1 17 1 28 29 1 11 1 10 27 26 11 5 16 24 17 3 2 9 18 25 18 3 27 26 8 17 19 24 3 13 25 20 6 15 19 7 18 13 10 15 1 13 20 17 7 0 20 10 9 8 27 27 4 25 23 12 12 5 28 7 10 15 19 16 0 0 15 18 5 17 25 7 1 8 24 8 8 15 10 9 15 8 28 19 3 13 23 7 18 21 6 28 28 25 6 20 17 22 0 23 
9 26 0 2 4 24 11 4 1 13 13 17 21 11 28 16 24 22 15 5 5 21 25 26 8 2 16 26 16 17 19 17 13 19 20 9 5 23 5 29 6 18 8 20 21 6 28 15 20 6 12 18 19 8 14 28 2 0 24 10 17 5 27 22 16 9 23 13 2 28 12 1 16 20 21 29 19 11 7 9 17 19 27 7 19 3 5 13 4 21 23 13 18 13 6 26 14 29 9 9 20 14 10 28 4 23 28 15 4 5 25 14 16 14 21 6 18 18 11 14 1 27 27 11 2 25 7 16 
17 16 25 7 0 5 27 27 28 25 12 25 22 29 9 9 6 22 7 16 10 18 0 3 15 19 14 17 7 21 26 24 29 21 23 22 19 20 19 17 8 23 4 0 15 13 9 21 5 8 7 7 27 29 10 4 18 24 14 25 7 10 11 7 23 26 29 12 9 10 22 17 25 26 9 10 2 11 23 29 19 22 29 16 21 9 13 10 26 27 27 25 29 1 2 22 27 23 27 6 25 19 15 21 7 25 23 1 28 17 1 17 1 22 26 23 1 9 25 19 28 22 7 19 15 1 3 13 
25 0 11 12 11 19 25 19 6 19 20 4 28 13 21 29 5 17 14 29 18 9 10 8 24 17 27 9 19 1 14 6 23 26 18 5 7 14 24 13 25 6 9 23 12 22 14 17 10 29 8 20 0 19 29 24 28 26 4 17 19 18 23 13 6 4 18 13 18 4 18 13 10 27 28 22 20 4 2 22 25 10 4 26 21 3 20 20 22 16 7 11 5 23 24 3 27 12 17 7 8 27 12 19 17 2 3 29 6 27 21 24 0 25 20 21 21 10 3 13 27 3 24 24 18 11 27 7 
15 6 14 24 4 18 5 21 20 0 12 18 28 3 12 20 20 24 3 3 5 7 16 24 10 3 18 28 6 7 5 21 14 11 15 10 29 12 23 11 13 5 21 3 0 26 23 12 12 26 16 9 3 24 3 5 19 13 25 25 13 22 17 27 3 24 29 24 7 22 27 20 19 11 23 19 29 16 1 11 4 9 21 8 4 24 5 15 0 1 11 13 23 28 2 19 22 1 5 21 15 3 11 4 6 26 15 5 12 8 16 9 10 7 17 14 24 14 21 16 15 2 29 1 22 23 20 7 
16 25 28 1 20 10 27 26 28 4 1 3 12 10 12 22 9 29 28 3 13 20 11 21 14 2 22 7 25 4 14 11 29 12 4 12 14 1 8 13 5 2 16 10 12 28 24 21 19 15 17 24 5 28 7 11 1 29 18 18 25 24 0 17 7 4 29 13 28 29 26 3 1 4 5 13 24 0 27 13 15 14 0 12 12 7 23 5 29 4 24 24 28 16 11 27 20 2 11 18 2 29 14 3 26 19 9 20 11 6 26 26 20 26 0 24 25 16 0 24 20 16 11 18 2 14 8 14 
17 19 3 19 10 9 22 6 28 1 27 10 29 15 28 19 3 29 14 28 15 6 15 27 14 26 7 16 10 15 0 27 4 25 8 15 4 23 21 25 16 10 5 16 25 25 5 28 16 11 19 23 9 4 20 23 22 28 1 2 13 2 22 10 19 22 17 24 15 0 19 2 11 16 10 28 11 15 19 20 19 8 13 28 4 4 14 26 2 15 20 7 9 4 17 29 27 26 15 4 27 26 28 8 12 8 28 15 16 17 5 5 17 19 25 13 15 1 9 9 17 22 16 18 18 26 9 7 
22 24 12 19 20 2 19 24 11 10 2 19 19 29 16 7 10 11 20 25 13 22 4 22 6 13 10 24 9 20 2 23 6 6 13 19 8 24 5 11 4 29 0 24 29 16 23 1 20 13 27 25 27 23 17 25 6 19 20 7 1 14 1 0 20 6 19 28 0 24 10 5 24 2 21 15 19 14 16 1 19 5 26 17 29 5 12 27 16 24 27 18 8 28 18 28 26 29 19 26 15 21 23 1 23 14 16 4 20 25 5 10 0 1 19 21 28 23 19 15 18 16 3 26 6 13 17 2 
4 6 20 19 19 6 21 12 12 29 9 3 24 14 13 25 8 24 16 6 17 27 21 5 5 16 24 11 21 11 5 25 9 18 7 28 24 28 2 28 27 11 1 22 26 6 9 26 0 25 2 18 23 16 15 20 24 9 2 8 12 29 3 21 17 10 19 3 0 22 24 28 25 17 12 21 24 21 17 16 8 12 26 23 20 4 14 14 13 16 22 26 7 18 9 17 20 29 20 13 13 14 11 8 2 15 22 18 6 1 26 14 5 15 8 25 19 22 2 24 0 16 12 29 4 22 16 17 
13 7 0 18 13 3 18 7 10 2 17 16 4 6 22 9 21 22 27 2 6 29 18 28 15 1 28 12 15 14 21 20 13 13 0 19 8 18 26 18 21 6 26 17 12 18 18 3 3 15 27 1 6 7 0 14 0 20 18 15 4 9 27 10 22 27 29 22 16 17 10 29 23 6 8 5 24 26 0 19 4 19 21 2 27 13 16 27 3 4 5 7 5 2 9 19 0 0 11 8 18 21 29 3 27 7 9 14 25 1 25 21 21 16 16 10 29 2 7 2 29 12 2 26 7 3 16 29 
4 19 7 22 3 28 25 22 27 26 6 14 20 24 6 3 10 22 13 2 16 20 26 7 25 20 4 2 24 12 23 28 23 0 12 26 20 29 19 9 18 17 23 8 11 21 11 14 5 24 16 14 6 4 21 23 25 17 17 11 29 10 9 15 2 13 11 14 12 0 23 0 10 17 0 21 8 11 5 6 27 13 20 26 10 11 19 5 21 29 16 12 9 17 27 4 22 9 18 4 1 12 27 11 21 27 3 29 1 0 27 28 6 17 24 16 21 6 13 12 5 21 24 6 0 22 2 22 
23 21 18 24 25 7 6 16 5 1 7 28 1 5 18 29 22 13 15 13 11 20 17 8 3 12 14 3 26 9 17 19 0 6 13 25 13 19 11 10 20 18 0 14 15 19 13 8 2 21 13 5 3 23 13 7 5 19 2 23 28 20 12 20 18 17 15 23 7 18 26 19 29 26 25 14 15 9 14 9 22 20 14 25 13 19 24 10 1 27 3 21 9 7 12 19 24 19 12 1 8 8 13 29 27 8 13 12 9 20 14 1 10 20 19 15 10 5 25 3 2 20 24 3 27 6 22 21 
18 27 15 18 27 20 17 24 28 22 29 0 12 13 23 14 3 12 29 5 18 24 8 12 14 3 8 3 1 22 25 19 11 2 7 9 22 24 25 12 9 16 12 21 29 6 6 25 10 27 22 20 22 1 25 28 26 25 24 19 17 19 9 21 21 8 22 5 25 17 17 4 4 22 17 25 20 15 12 22 13 27 13 27 28 0 17 16 25 11 5 4 22 6 25 5 7 17 10 2 27 20 28 23 12 15 10 2 23 15 24 28 12 29 25 2 29 4 10 16 16 7 13 8 14 0 6 13 
10 16 7 7 6 5 22 10 12 24 4 27 9 29 25 13 20 12 15 12 17 17 28 3 25 3 3 1 4 9 14 14 18 21 13 16 26 27 27 0 21 1 28 23 22 23 6 13 6 14 25 15 1 15 10 26 19 13 27 15 15 3 29 25 24 4 11 12 1 0 5 22 2 3 7 16 18 14 21 16 20 16 1 21 24 11 10 5 17 7 20 2 11 11 19 27 15 0 10 8 1 7 22 25 10 0 11 20 6 3 7 26 11 8 17 27 20 27 24 7 27 14 1 0 17 20 27 2 
12 29 2 13 6 25 0 8 25 4 29 1 29 6 19 2 14 6 22 26 26 16 3 23 1 26 23 18 16 12 13 29 12 7 4 10 2 27 19 19 23 18 12 22 24 1 16 0 0 8 27 26 25 22 19 18 19 4 6 27 16 11 18 20 11 15 1 13 12 20 25 5 0 7 19 24 9 5 16 9 6 13 27 1 28 8 19 17 12 17 6 20 21 25 11 2 10 4 15 14 16 10 11 16 10 0 2 11 27 18 12 3 24 9 4 22 17 15 1 21 3 7 3 16 24 14 18 4 
10 25 18 26 28 29 12 8 21 14 11 19 25 23 14 19 2 11 3 11 26 4 24 21 3 27 7 28 4 17 24 14 13 13 3 11 4 15 11 18 22 22 29 17 15 13 6 9 24 1 12 13 27 6 26 0 25 26 20 29 13 15 6 26 20 9 29 16 24 10 4 8 2 3 25 9 9 23 18 25 24 22 0 21 28 27 14 24 23 4 15 28 11 21 17 23 22 16 10 9 19 6 17 13 2 13 23 11 28 3 6 23 18 7 14 16 26 20 2 11 25 10 9 28 23 18 22 16 
5 24 17 16 22 4 29 24 9 14 5 8 10 4 23 28 3 7 6 29 20 1 2 7 11 11 5 26 0 19 12 27 13 21 5 6 26 4 22 27 11 20 5 13 24 28 11 19 28 9 18 18 10 20 25 13 23 22 10 15 12 14 4 17 6 9 15 24 6 8 21 9 28 19 22 14 9 3 3 7 12 13 17 15 25 4 28 18 19 0 26 1 15 22 18 13 2 4 7 0 4 20 9 2 9 1 16 19 26 19 18 0 2 28 15 27 2 6 7 21 6 25 14 13 18 25 18 12 
21 25 12 25 8 13 27 17 14 5 6 10 24 17 2 18 15 18 7 9 24 6 23 22 2 7 28 12 2 16 24 15 4 28 10 12 11 7 21 17 4 20 19 28 7 21 8 22 1 7 23 25 14 16 10 8 16 0 20 10 16 6 26 12 26 6 24 7 6 16 16 10 6 5 1 5 18 9 19 20 17 12 7 23 21 17 1 7 17 13 17 26 19 13 8 15 12 25 14 18 11 0 20 9 27 21 14 15 23 3 5 2 7 13 17 28 22 18 5 2 23 15 28 4 20 28 11 2 
23 17 12 4 17 3 5 6 16 19 13 1 14 11 3 22 24 20 20 8 0 18 10 23 3 0 19 23 29 0 18 22 17 0 19 26 25 24 24 12 6 8 13 20 19 9 4 5 21 17 5 22 5 16 7 0 8 19 23 29 19 3 22 29 4 3 25 29 27 20 3 25 20 9 16 9 10 12 6 1 29 11 15 26 19 15 18 28 4 12 27 23 7 11 22 11 14 10 3 4 22 28 29 12 7 7 13 17 20 19 11 11 0 26 0 20 11 18 10 15 22 29 1 0 3 15 3 9 
25 6 13 9 5 13 21 4 12 4 14 24 23 25 6 16 21 28 28 25 16 0 2 1 21 3 1 24 11 4 4 28 3 9 8 8 14 29 4 27 26 18 21 11 13 19 27 27 17 17 22 26 17 24 27 1 20 20 25 1 24 21 29 19 1 7 19 7 29 24 4 17 12 18 28 18 7 18 15 17 5 29 5 15 23 2 8 5 22 3 6 8 17 28 28 10 27 17 17 26 3 14 13 16 2 4 26 1 22 11 10 19 10 15 26 25 9 4 23 1 0 21 2 17 19 22 19 17 
1 6 5 5 12 19 13 6 15 9 8 7 12 10 26 14 26 15 1 5 19 24 29 11 16 23 20 5 15 9 14 16 8 20 13 20 1 26 27 16 27 27 15 9 29 3 23 25 18 25 23 0 11 14 11 27 7 2 25 14 11 9 22 19 21 6 2 22 24 29 0 22 18 15 23 17 19 9 5 7 4 20 7 15 4 11 5 3 13 0 9 16 1 1 6 23 29 0 15 24 29 8 8 9 23 1 26 12 2 23 12 6 13 11 14 9 22 11 12 27 11 21 14 12 15 12 27 14 
12 5 0 3 13 8 12 6 2 0 11 4 24 15 3 7 18 9 17 11 20 21 0 23 13 14 27 28 26 25 4 8 0 5 11 5 5 15 3 29 16 14 26 10 21 29 17 10 0 26 13 20 18 13 13 23 28 10 13 16 27 17 17 27 14 20 2 20 6 6 11 22 12 7 24 4 28 11 6 28 0 19 10 18 24 15 3 22 26 16 1 15 25 18 13 10 8 7 22 14 5 3 28 18 11 22 14 9 26 12 0 26 1 10 6 25 18 9 10 6 17 3 21 12 21 4 22 21 
4 14 28 9 18 26 19 21 19 25 22 7 7 14 3 0 17 1 18 5 2 20 11 19 23 2 1 14 29 24 27 3 0 25 4 10 22 16 1 3 11 16 10 19 0 5 11 17 6 29 22 8 19 3 27 12 28 20 18 27 14 16 22 7 11 26 17 25 12 11 28 16 27 0 5 27 5 16 7 3 8 29 3 27 25 0 2 23 13 20 20 19 28 12 26 10 0 14 5 5 17 26 21 14 26 18 3 2 26 10 27 4 10 1 24 5 23 26 28 6 8 10 26 7 14 22 9 14 
28 6 11 15 2 24 21 21 4 25 23 1 5 20 27 7 13 21 4 7 9 24 13 18 26 9 17 10 24 26 17 22 24 20 8 19 15 21 10 19 16 3 12 14 15 10 13 29 1 10 28 3 26 11 21 23 13 0 3 7 26 12 29 12 3 29 1 10 21 11 29 29 6 12 13 22 14 19 13 15 29 11 10 25 14 1 10 27 1 14 4 19 18 26 2 21 25 3 1 8 7 23 8 13 27 13 27 11 2 2 18 23 5 29 11 20 22 21 17 24 27 22 5 8 18 29 29 5 
25 23 14 2 8 14 15 5 19 5 16 14 7 26 7 13 25 10 3 18 24 12 4 21 26 1 29 6 1 21 12 26 6 18 20 14 24 27 11 13 2 19 27 2 15 27 15 11 7 10 21 1 22 25 15 19 26 6 25 19 19 29 7 25 9 27 1 3 17 12 17 11 1 6 13 17 3 20 20 3 0 11 4 15 6 11 26 24 18 13 14 7 13 13 25 14 11 26 18 20 1 27 1 2 3 7 11 7 27 1 10 20 12 6 27 10 10 23 27 20 6 11 19 11 24 14 26 27 
3 6 9 4 3 11 6 6 18 18 5 7 11 7 19 24 14 16 26 24 9 23 6 8 26 25 11 13 10 29 2 13 5 12 17 0 23 15 29 3 25 4 2 7 12 22 23 18 8 19 4 10 5 10 10 1 5 21 6 7 13 9 20 10 21 29 11 6 7 10 1 2 6 3 9 18 17 2 6 26 14 10 28 19 12 8 12 18 29 19 25 4 20 8 15 11 7 26 17 6 28 10 9 4 13 10 15 23 5 21 19 19 24 17 0 6 17 4 16 16 15 12 21 5 20 28 16 19 
24 25 26 14 27 27 18 3 7 25 26 12 9 7 23 25 24 15 1 3 20 10 11 5 22 2 3 4 22 11 15 16 29 3 22 26 0 3 29 0 28 25 12 7 2 28 2 18 13 26 21 3 6 3 1 20 27 4 16 20 7 23 28 6 19 13 3 11 16 24 11 6 20 16 14 14 14 8 25 27 26 16 23 24 11 16 6 1 12 14 13 19 8 11 26 27 16 21 8 2 15 12 9 27 28 15 12 4 15 7 1 4 15 16 28 27 2 27 20 14 11 3 4 19 6 22 8 23 
13 17 17 28 21 26 26 19 3 0 23 11 7 16 15 22 25 13 11 27 10 1 12 14 26 8 3 3 0 12 26 13 21 13 11 4 2 29 23 27 29 8 8 28 16 23 13 11 29 24 1 1 18 13 15 14 21 19 9 21 23 5 26 6 11 29 10 13 29 25 10 20 25 11 19 11 4 2 15 3 18 16 5 6 21 20 13 4 1 22 25 16 20 13 22 1 12 2 6 11 19 8 2 14 19 21 18 16 15 3 19 3 11 16 10 2 29 15 6 0 29 23 9 19 6 1 12 10 
26 10 22 15 11 16 22 0 29 10 16 14 5 28 17 16 6 19 10 5 26 8 28 26 1 7 7 29 8 20 9 26 22 23 12 3 1 26 26 22 6 12 6 11 2 16 19 9 27 29 14 24 7 12 12 0 11 19 21 20 1 22 16 24 16 20 27 9 16 23 2 14 28 0 17 0 8 6 1 28 5 8 22 4 20 4 26 2 15 17 14 17 10 22 11 18 5 0 19 13 16 21 20 14 14 7 6 14 14 8 12 11 16 26 16 28 22 4 22 8 22 28 17 24 13 28 12 18 
20 1 23 6 15 13 20 21 21 19 5 27 27 10 8 5 6 16 25 29 21 10 29 5 8 16 29 21 6 11 1 26 4 17 3 19 0 15 2 13 4 0 10 23 10 19 28 16 5 16 7 18 26 6 23 4 14 22 18 20 25 19 17 0 6 20 11 29 27 14 12 2 14 23 25 16 4 16 2 1 2 2 20 28 0 5 24 15 28 12 5 15 24 22 15 22 4 19 13 2 25 26 26 1 11 13 17 7 29 11 8 23 13 20 21 14 26 8 29 16 20 26 1 6 19 9 21 15 
28 4 9 23 22 5 24 25 11 3 2 10 14 11 4 28 1 17 4 27 25 25 5 8 21 7 6 2 16 27 18 6 2 19 29 16 17 15 12 28 18 14 8 24 25 4 14 19 22 18 8 9 13 14 17 27 13 24 29 21 13 9 27 7 29 26 24 8 3 6 6 13 12 6 7 0 11 22 19 25 10 19 4 16 3 14 13 8 0 4 29 13 14 26 21 13 14 7 13 17 5 19 22 17 25 0 17 28 22 28 15 24 18 12 2 13 26 7 22 26 12 21 1 26 10 22 1 24 
